1011000030000000    10Be(d,p) @ 17.4MeV Ex=2.65MeV RY=1.30 Search             
+60.    +00.    +01.                                                            
+15+01+01+03                                                                    
+00.10  +00.    -015.                                                           
+017.400  2.0     1.0    10.0     4.0    001.303                  2.0           
+01.    -88.744 +01.148 +00.746         -02.186 +01.335 +00.640 
+02.    +00.000 +00.000 +00.000         +86.060 +01.405 +00.665 
-04.    -14.228 +00.972 +01.011         +00.000 +00.000 +00.000 
-04.374  1.0     1.0    11.0     4.0    001.578                 +01.            
+01.    -56.280 +01.122 +00.676         -01.117 +01.122 +00.676 
+02.    +00.000 +00.000 +00.000         +65.250 +01.307 +00.524 
-04.    -21.876 +00.894 +00.590         +00.216 +00.894 +00.590 
+02.149  1.0     0.0    10.0     4.0    +01.30                  +01.            
-01.    -01.    +01.25  +00.65  24.0                                            
+00.    +01.    +03.    +01.    +50.    +00.0   +00.00                          
1011000030000000    10Be(d,p) @ 17.4MeV Ex=2.65MeV RY=1.40 Search             
+60.    +00.    +01.                                                            
+15+01+01+03                                                                    
+00.10  +00.    -015.                                                           
+017.400  2.0     1.0    10.0     4.0    001.303                  2.0           
+01.    -88.744 +01.148 +00.746         -02.186 +01.335 +00.640 
+02.    +00.000 +00.000 +00.000         +86.060 +01.405 +00.665 
-04.    -14.228 +00.972 +01.011         +00.000 +00.000 +00.000 
-04.374  1.0     1.0    11.0     4.0    001.578                 +01.            
+01.    -56.280 +01.122 +00.676         -01.117 +01.122 +00.676 
+02.    +00.000 +00.000 +00.000         +65.250 +01.307 +00.524 
-04.    -21.876 +00.894 +00.590         +00.216 +00.894 +00.590 
+02.149  1.0     0.0    10.0     4.0    +01.40                  +01.            
-01.    -01.    +01.25  +00.65  24.0                                            
+00.    +01.    +03.    +01.    +50.    +00.0   +00.00                          
1011000030000000    10Be(d,p) @ 17.4MeV Ex=2.65MeV RY=1.50 Search             
+60.    +00.    +01.                                                            
+15+01+01+03                                                                    
+00.10  +00.    -015.                                                           
+017.400  2.0     1.0    10.0     4.0    001.303                  2.0           
+01.    -88.744 +01.148 +00.746         -02.186 +01.335 +00.640 
+02.    +00.000 +00.000 +00.000         +86.060 +01.405 +00.665 
-04.    -14.228 +00.972 +01.011         +00.000 +00.000 +00.000 
-04.374  1.0     1.0    11.0     4.0    001.578                 +01.            
+01.    -56.280 +01.122 +00.676         -01.117 +01.122 +00.676 
+02.    +00.000 +00.000 +00.000         +65.250 +01.307 +00.524 
-04.    -21.876 +00.894 +00.590         +00.216 +00.894 +00.590 
+02.149  1.0     0.0    10.0     4.0    +01.50                  +01.            
-01.    -01.    +01.25  +00.65  24.0                                            
+00.    +01.    +03.    +01.    +50.    +00.0   +00.00                          
1011000030000000    10Be(d,p) @ 17.4MeV Ex=2.65MeV RY=1.60 Search             
+60.    +00.    +01.                                                            
+15+01+01+03                                                                    
+00.10  +00.    -015.                                                           
+017.400  2.0     1.0    10.0     4.0    001.303                  2.0           
+01.    -88.744 +01.148 +00.746         -02.186 +01.335 +00.640 
+02.    +00.000 +00.000 +00.000         +86.060 +01.405 +00.665 
-04.    -14.228 +00.972 +01.011         +00.000 +00.000 +00.000 
-04.374  1.0     1.0    11.0     4.0    001.578                 +01.            
+01.    -56.280 +01.122 +00.676         -01.117 +01.122 +00.676 
+02.    +00.000 +00.000 +00.000         +65.250 +01.307 +00.524 
-04.    -21.876 +00.894 +00.590         +00.216 +00.894 +00.590 
+02.149  1.0     0.0    10.0     4.0    +01.60                  +01.            
-01.    -01.    +01.25  +00.65  24.0                                            
+00.    +01.    +03.    +01.    +50.    +00.0   +00.00                          
1011000030000000    10Be(d,p) @ 17.4MeV Ex=2.65MeV RY=1.70 Search             
+60.    +00.    +01.                                                            
+15+01+01+03                                                                    
+00.10  +00.    -015.                                                           
+017.400  2.0     1.0    10.0     4.0    001.303                  2.0           
+01.    -88.744 +01.148 +00.746         -02.186 +01.335 +00.640 
+02.    +00.000 +00.000 +00.000         +86.060 +01.405 +00.665 
-04.    -14.228 +00.972 +01.011         +00.000 +00.000 +00.000 
-04.374  1.0     1.0    11.0     4.0    001.578                 +01.            
+01.    -56.280 +01.122 +00.676         -01.117 +01.122 +00.676 
+02.    +00.000 +00.000 +00.000         +65.250 +01.307 +00.524 
-04.    -21.876 +00.894 +00.590         +00.216 +00.894 +00.590 
+02.149  1.0     0.0    10.0     4.0    +01.70                  +01.            
-01.    -01.    +01.25  +00.65  24.0                                            
+00.    +01.    +03.    +01.    +50.    +00.0   +00.00                          
9                   END OF DATA for DWUCK4
