1011000030000000    10Be(d,p)11Be Ex=0.60 QG UNB LMAX15 RMAX20 V10
  61.000   0.000   1.000   0.000   0.000   0.000   0.000   0.000   0.000   0.000
 15  1  1  3                                          
   0.100   0.000 -20.000   0.000   0.000   0.800   0.000   0.000   0.000   0.000
  17.400   2.000   1.000  10.000   4.000   1.303   0.000   2.000   2.000   0.000
   1.000 -88.744   1.148   0.746   0.000  -2.186   1.351   0.640   0.000   0.000
   2.000   0.000   0.000   0.000   0.000  27.393   1.405   0.665   0.000   0.000
  -4.000 -14.228   0.972   1.011   0.000   0.000   0.000   0.000   0.000   0.000
  -2.321   1.000   1.000  11.000   4.000   1.578   0.000   1.000   1.000   0.000
   1.000 -56.280   1.122   0.676   0.000  -1.117   1.122   0.676   0.000   0.000
   2.000   0.000   0.000   0.000   0.000  20.771   1.307   0.524   0.000   0.000
  -4.000 -21.876   0.894   0.590   0.000   0.864   0.894   0.590   0.000   0.000
   0.096   1.000   0.000  10.000   4.000   1.300   0.000   1.000   1.000   0.000
  -1.000   1.000   1.250   0.650  24.000   1.100   0.650   0.000   0.000   0.000
   0.000   1.000   3.000   1.000  28.348   2.000   0.000   0.000   0.000   0.000
1011000030000000    10Be(d,p)11Be Ex=0.80 QG UNB LMAX15 RMAX20 V10
  61.000   0.000   1.000   0.000   0.000   0.000   0.000   0.000   0.000   0.000
 15  1  1  3                                          
   0.100   0.000 -20.000   0.000   0.000   0.800   0.000   0.000   0.000   0.000
  17.400   2.000   1.000  10.000   4.000   1.303   0.000   2.000   2.000   0.000
   1.000 -88.744   1.148   0.746   0.000  -2.186   1.351   0.640   0.000   0.000
   2.000   0.000   0.000   0.000   0.000  27.393   1.405   0.665   0.000   0.000
  -4.000 -14.228   0.972   1.011   0.000   0.000   0.000   0.000   0.000   0.000
  -2.521   1.000   1.000  11.000   4.000   1.578   0.000   1.000   1.000   0.000
   1.000 -56.280   1.122   0.676   0.000  -1.117   1.122   0.676   0.000   0.000
   2.000   0.000   0.000   0.000   0.000  20.771   1.307   0.524   0.000   0.000
  -4.000 -21.876   0.894   0.590   0.000   0.864   0.894   0.590   0.000   0.000
   0.296   1.000   0.000  10.000   4.000   1.300   0.000   1.000   1.000   0.000
  -1.000   1.000   1.250   0.650  24.000   1.100   0.650   0.000   0.000   0.000
   0.000   1.000   3.000   1.000  28.348   2.000   0.000   0.000   0.000   0.000
1011000030000000    10Be(d,p)11Be Ex=1.00 QG UNB LMAX15 RMAX20 V10
  61.000   0.000   1.000   0.000   0.000   0.000   0.000   0.000   0.000   0.000
 15  1  1  3                                          
   0.100   0.000 -20.000   0.000   0.000   0.800   0.000   0.000   0.000   0.000
  17.400   2.000   1.000  10.000   4.000   1.303   0.000   2.000   2.000   0.000
   1.000 -88.744   1.148   0.746   0.000  -2.186   1.351   0.640   0.000   0.000
   2.000   0.000   0.000   0.000   0.000  27.393   1.405   0.665   0.000   0.000
  -4.000 -14.228   0.972   1.011   0.000   0.000   0.000   0.000   0.000   0.000
  -2.721   1.000   1.000  11.000   4.000   1.578   0.000   1.000   1.000   0.000
   1.000 -56.280   1.122   0.676   0.000  -1.117   1.122   0.676   0.000   0.000
   2.000   0.000   0.000   0.000   0.000  20.771   1.307   0.524   0.000   0.000
  -4.000 -21.876   0.894   0.590   0.000   0.864   0.894   0.590   0.000   0.000
   0.496   1.000   0.000  10.000   4.000   1.300   0.000   1.000   1.000   0.000
  -1.000   1.000   1.250   0.650  24.000   1.100   0.650   0.000   0.000   0.000
   0.000   1.000   3.000   1.000  28.348   2.000   0.000   0.000   0.000   0.000
1011000030000000    10Be(d,p)11Be Ex=1.20 QG UNB LMAX15 RMAX20 V10
  61.000   0.000   1.000   0.000   0.000   0.000   0.000   0.000   0.000   0.000
 15  1  1  3                                          
   0.100   0.000 -20.000   0.000   0.000   0.800   0.000   0.000   0.000   0.000
  17.400   2.000   1.000  10.000   4.000   1.303   0.000   2.000   2.000   0.000
   1.000 -88.744   1.148   0.746   0.000  -2.186   1.351   0.640   0.000   0.000
   2.000   0.000   0.000   0.000   0.000  27.393   1.405   0.665   0.000   0.000
  -4.000 -14.228   0.972   1.011   0.000   0.000   0.000   0.000   0.000   0.000
  -2.921   1.000   1.000  11.000   4.000   1.578   0.000   1.000   1.000   0.000
   1.000 -56.280   1.122   0.676   0.000  -1.117   1.122   0.676   0.000   0.000
   2.000   0.000   0.000   0.000   0.000  20.771   1.307   0.524   0.000   0.000
  -4.000 -21.876   0.894   0.590   0.000   0.864   0.894   0.590   0.000   0.000
   0.696   1.000   0.000  10.000   4.000   1.300   0.000   1.000   1.000   0.000
  -1.000   1.000   1.250   0.650  24.000   1.100   0.650   0.000   0.000   0.000
   0.000   1.000   3.000   1.000  28.348   2.000   0.000   0.000   0.000   0.000
1011000030000000    10Be(d,p)11Be Ex=1.40 QG UNB LMAX15 RMAX20 V10
  61.000   0.000   1.000   0.000   0.000   0.000   0.000   0.000   0.000   0.000
 15  1  1  3                                          
   0.100   0.000 -20.000   0.000   0.000   0.800   0.000   0.000   0.000   0.000
  17.400   2.000   1.000  10.000   4.000   1.303   0.000   2.000   2.000   0.000
   1.000 -88.744   1.148   0.746   0.000  -2.186   1.351   0.640   0.000   0.000
   2.000   0.000   0.000   0.000   0.000  27.393   1.405   0.665   0.000   0.000
  -4.000 -14.228   0.972   1.011   0.000   0.000   0.000   0.000   0.000   0.000
  -3.121   1.000   1.000  11.000   4.000   1.578   0.000   1.000   1.000   0.000
   1.000 -56.280   1.122   0.676   0.000  -1.117   1.122   0.676   0.000   0.000
   2.000   0.000   0.000   0.000   0.000  20.771   1.307   0.524   0.000   0.000
  -4.000 -21.876   0.894   0.590   0.000   0.864   0.894   0.590   0.000   0.000
   0.896   1.000   0.000  10.000   4.000   1.300   0.000   1.000   1.000   0.000
  -1.000   1.000   1.250   0.650  24.000   1.100   0.650   0.000   0.000   0.000
   0.000   1.000   3.000   1.000  28.348   2.000   0.000   0.000   0.000   0.000
1011000030000000    10Be(d,p)11Be Ex=1.60 QG UNB LMAX15 RMAX20 V10
  61.000   0.000   1.000   0.000   0.000   0.000   0.000   0.000   0.000   0.000
 15  1  1  3                                          
   0.100   0.000 -20.000   0.000   0.000   0.800   0.000   0.000   0.000   0.000
  17.400   2.000   1.000  10.000   4.000   1.303   0.000   2.000   2.000   0.000
   1.000 -88.744   1.148   0.746   0.000  -2.186   1.351   0.640   0.000   0.000
   2.000   0.000   0.000   0.000   0.000  27.393   1.405   0.665   0.000   0.000
  -4.000 -14.228   0.972   1.011   0.000   0.000   0.000   0.000   0.000   0.000
  -3.321   1.000   1.000  11.000   4.000   1.578   0.000   1.000   1.000   0.000
   1.000 -56.280   1.122   0.676   0.000  -1.117   1.122   0.676   0.000   0.000
   2.000   0.000   0.000   0.000   0.000  20.771   1.307   0.524   0.000   0.000
  -4.000 -21.876   0.894   0.590   0.000   0.864   0.894   0.590   0.000   0.000
   1.096   1.000   0.000  10.000   4.000   1.300   0.000   1.000   1.000   0.000
  -1.000   1.000   1.250   0.650  24.000   1.100   0.650   0.000   0.000   0.000
   0.000   1.000   3.000   1.000  28.348   2.000   0.000   0.000   0.000   0.000
1011000030000000    10Be(d,p)11Be Ex=1.80 QG UNB LMAX15 RMAX20 V10
  61.000   0.000   1.000   0.000   0.000   0.000   0.000   0.000   0.000   0.000
 15  1  1  3                                          
   0.100   0.000 -20.000   0.000   0.000   0.800   0.000   0.000   0.000   0.000
  17.400   2.000   1.000  10.000   4.000   1.303   0.000   2.000   2.000   0.000
   1.000 -88.744   1.148   0.746   0.000  -2.186   1.351   0.640   0.000   0.000
   2.000   0.000   0.000   0.000   0.000  27.393   1.405   0.665   0.000   0.000
  -4.000 -14.228   0.972   1.011   0.000   0.000   0.000   0.000   0.000   0.000
  -3.521   1.000   1.000  11.000   4.000   1.578   0.000   1.000   1.000   0.000
   1.000 -56.280   1.122   0.676   0.000  -1.117   1.122   0.676   0.000   0.000
   2.000   0.000   0.000   0.000   0.000  20.771   1.307   0.524   0.000   0.000
  -4.000 -21.876   0.894   0.590   0.000   0.864   0.894   0.590   0.000   0.000
   1.296   1.000   0.000  10.000   4.000   1.300   0.000   1.000   1.000   0.000
  -1.000   1.000   1.250   0.650  24.000   1.100   0.650   0.000   0.000   0.000
   0.000   1.000   3.000   1.000  28.348   2.000   0.000   0.000   0.000   0.000
1011000030000000    10Be(d,p)11Be Ex=2.00 QG UNB LMAX15 RMAX20 V10
  61.000   0.000   1.000   0.000   0.000   0.000   0.000   0.000   0.000   0.000
 15  1  1  3                                          
   0.100   0.000 -20.000   0.000   0.000   0.800   0.000   0.000   0.000   0.000
  17.400   2.000   1.000  10.000   4.000   1.303   0.000   2.000   2.000   0.000
   1.000 -88.744   1.148   0.746   0.000  -2.186   1.351   0.640   0.000   0.000
   2.000   0.000   0.000   0.000   0.000  27.393   1.405   0.665   0.000   0.000
  -4.000 -14.228   0.972   1.011   0.000   0.000   0.000   0.000   0.000   0.000
  -3.721   1.000   1.000  11.000   4.000   1.578   0.000   1.000   1.000   0.000
   1.000 -56.280   1.122   0.676   0.000  -1.117   1.122   0.676   0.000   0.000
   2.000   0.000   0.000   0.000   0.000  20.771   1.307   0.524   0.000   0.000
  -4.000 -21.876   0.894   0.590   0.000   0.864   0.894   0.590   0.000   0.000
   1.496   1.000   0.000  10.000   4.000   1.300   0.000   1.000   1.000   0.000
  -1.000   1.000   1.250   0.650  24.000   1.100   0.650   0.000   0.000   0.000
   0.000   1.000   3.000   1.000  28.348   2.000   0.000   0.000   0.000   0.000
1011000030000000    10Be(d,p)11Be Ex=2.20 QG UNB LMAX15 RMAX20 V10
  61.000   0.000   1.000   0.000   0.000   0.000   0.000   0.000   0.000   0.000
 15  1  1  3                                          
   0.100   0.000 -20.000   0.000   0.000   0.800   0.000   0.000   0.000   0.000
  17.400   2.000   1.000  10.000   4.000   1.303   0.000   2.000   2.000   0.000
   1.000 -88.744   1.148   0.746   0.000  -2.186   1.351   0.640   0.000   0.000
   2.000   0.000   0.000   0.000   0.000  27.393   1.405   0.665   0.000   0.000
  -4.000 -14.228   0.972   1.011   0.000   0.000   0.000   0.000   0.000   0.000
  -3.921   1.000   1.000  11.000   4.000   1.578   0.000   1.000   1.000   0.000
   1.000 -56.280   1.122   0.676   0.000  -1.117   1.122   0.676   0.000   0.000
   2.000   0.000   0.000   0.000   0.000  20.771   1.307   0.524   0.000   0.000
  -4.000 -21.876   0.894   0.590   0.000   0.864   0.894   0.590   0.000   0.000
   1.696   1.000   0.000  10.000   4.000   1.300   0.000   1.000   1.000   0.000
  -1.000   1.000   1.250   0.650  24.000   1.100   0.650   0.000   0.000   0.000
   0.000   1.000   3.000   1.000  28.348   2.000   0.000   0.000   0.000   0.000
1011000030000000    10Be(d,p)11Be Ex=2.40 QG UNB LMAX15 RMAX20 V10
  61.000   0.000   1.000   0.000   0.000   0.000   0.000   0.000   0.000   0.000
 15  1  1  3                                          
   0.100   0.000 -20.000   0.000   0.000   0.800   0.000   0.000   0.000   0.000
  17.400   2.000   1.000  10.000   4.000   1.303   0.000   2.000   2.000   0.000
   1.000 -88.744   1.148   0.746   0.000  -2.186   1.351   0.640   0.000   0.000
   2.000   0.000   0.000   0.000   0.000  27.393   1.405   0.665   0.000   0.000
  -4.000 -14.228   0.972   1.011   0.000   0.000   0.000   0.000   0.000   0.000
  -4.121   1.000   1.000  11.000   4.000   1.578   0.000   1.000   1.000   0.000
   1.000 -56.280   1.122   0.676   0.000  -1.117   1.122   0.676   0.000   0.000
   2.000   0.000   0.000   0.000   0.000  20.771   1.307   0.524   0.000   0.000
  -4.000 -21.876   0.894   0.590   0.000   0.864   0.894   0.590   0.000   0.000
   1.896   1.000   0.000  10.000   4.000   1.300   0.000   1.000   1.000   0.000
  -1.000   1.000   1.250   0.650  24.000   1.100   0.650   0.000   0.000   0.000
   0.000   1.000   3.000   1.000  28.348   2.000   0.000   0.000   0.000   0.000
1011000030000000    10Be(d,p)11Be Ex=2.60 QG UNB LMAX15 RMAX20 V10
  61.000   0.000   1.000   0.000   0.000   0.000   0.000   0.000   0.000   0.000
 15  1  1  3                                          
   0.100   0.000 -20.000   0.000   0.000   0.800   0.000   0.000   0.000   0.000
  17.400   2.000   1.000  10.000   4.000   1.303   0.000   2.000   2.000   0.000
   1.000 -88.744   1.148   0.746   0.000  -2.186   1.351   0.640   0.000   0.000
   2.000   0.000   0.000   0.000   0.000  27.393   1.405   0.665   0.000   0.000
  -4.000 -14.228   0.972   1.011   0.000   0.000   0.000   0.000   0.000   0.000
  -4.321   1.000   1.000  11.000   4.000   1.578   0.000   1.000   1.000   0.000
   1.000 -56.280   1.122   0.676   0.000  -1.117   1.122   0.676   0.000   0.000
   2.000   0.000   0.000   0.000   0.000  20.771   1.307   0.524   0.000   0.000
  -4.000 -21.876   0.894   0.590   0.000   0.864   0.894   0.590   0.000   0.000
   2.096   1.000   0.000  10.000   4.000   1.300   0.000   1.000   1.000   0.000
  -1.000   1.000   1.250   0.650  24.000   1.100   0.650   0.000   0.000   0.000
   0.000   1.000   3.000   1.000  28.348   2.000   0.000   0.000   0.000   0.000
1011000030000000    10Be(d,p)11Be Ex=2.80 QG UNB LMAX15 RMAX20 V10
  61.000   0.000   1.000   0.000   0.000   0.000   0.000   0.000   0.000   0.000
 15  1  1  3                                          
   0.100   0.000 -20.000   0.000   0.000   0.800   0.000   0.000   0.000   0.000
  17.400   2.000   1.000  10.000   4.000   1.303   0.000   2.000   2.000   0.000
   1.000 -88.744   1.148   0.746   0.000  -2.186   1.351   0.640   0.000   0.000
   2.000   0.000   0.000   0.000   0.000  27.393   1.405   0.665   0.000   0.000
  -4.000 -14.228   0.972   1.011   0.000   0.000   0.000   0.000   0.000   0.000
  -4.521   1.000   1.000  11.000   4.000   1.578   0.000   1.000   1.000   0.000
   1.000 -56.280   1.122   0.676   0.000  -1.117   1.122   0.676   0.000   0.000
   2.000   0.000   0.000   0.000   0.000  20.771   1.307   0.524   0.000   0.000
  -4.000 -21.876   0.894   0.590   0.000   0.864   0.894   0.590   0.000   0.000
   2.296   1.000   0.000  10.000   4.000   1.300   0.000   1.000   1.000   0.000
  -1.000   1.000   1.250   0.650  24.000   1.100   0.650   0.000   0.000   0.000
   0.000   1.000   3.000   1.000  28.348   2.000   0.000   0.000   0.000   0.000
1011000030000000    10Be(d,p)11Be Ex=3.00 QG UNB LMAX15 RMAX20 V10
  61.000   0.000   1.000   0.000   0.000   0.000   0.000   0.000   0.000   0.000
 15  1  1  3                                          
   0.100   0.000 -20.000   0.000   0.000   0.800   0.000   0.000   0.000   0.000
  17.400   2.000   1.000  10.000   4.000   1.303   0.000   2.000   2.000   0.000
   1.000 -88.744   1.148   0.746   0.000  -2.186   1.351   0.640   0.000   0.000
   2.000   0.000   0.000   0.000   0.000  27.393   1.405   0.665   0.000   0.000
  -4.000 -14.228   0.972   1.011   0.000   0.000   0.000   0.000   0.000   0.000
  -4.721   1.000   1.000  11.000   4.000   1.578   0.000   1.000   1.000   0.000
   1.000 -56.280   1.122   0.676   0.000  -1.117   1.122   0.676   0.000   0.000
   2.000   0.000   0.000   0.000   0.000  20.771   1.307   0.524   0.000   0.000
  -4.000 -21.876   0.894   0.590   0.000   0.864   0.894   0.590   0.000   0.000
   2.496   1.000   0.000  10.000   4.000   1.300   0.000   1.000   1.000   0.000
  -1.000   1.000   1.250   0.650  24.000   1.100   0.650   0.000   0.000   0.000
   0.000   1.000   3.000   1.000  28.348   2.000   0.000   0.000   0.000   0.000
9                   END OF DATA for DWUCK4
