1001000000200000    10Be(d,p)11Be(3/2- 0.40) Ex=0.40 0p3/2 QG
 +61.000  +0.000  +1.000
+30+01+01+03
  +0.100  +0.000 +50.000
 +17.400  +2.000  +1.000 +10.000  +4.000  +1.150  +0.000  +2.000
  +1.000 -80.885  +1.150  +0.810  +0.000  +0.000  +0.000  +0.000
  +2.000  +0.000  +0.000  +0.000  +0.000 +50.527  +1.340  +0.680
  -4.000  +0.000  +0.000  +0.000  +0.000  +0.000  +0.000  +0.000
  -2.121  +1.000  +1.000 +11.000  +4.000  +1.300  +0.000  +1.000
  +1.000 -57.096  +1.170  +0.750  +0.000  -0.166  +1.320  +0.701
  +2.000  +0.000  +0.000  +0.000  +0.000 +32.840  +1.320  +0.701
  -4.000 -24.800  +1.100  +0.750  +0.000  +0.000  +1.100  +0.750
  -0.104  +1.000  +0.000 +10.000  +4.000  +1.300  +0.000  +1.000
  +1.000  -1.000  +1.250  +0.650
  -4.000  -6.000  +1.100  +0.650
  +0.000  +1.000  +3.000  +1.000 +50.000
9                   END OF DATA for DWUCK4
