1011000030000000    10Be(d,p)11Be(3/2- 0.00) Ex=0.60 0p3/2 QG UNBOUND SCAN
 +61.000  +0.000  +1.000
+15+01+01+03
  +0.100  +0.000 -15.000
 +17.400  +2.000  +1.000 +10.000  +4.000  +1.150  +0.000  +2.000
  +1.000 -80.885  +1.150  +0.810  +0.000  +0.000  +0.000  +0.000
  +2.000  +0.000  +0.000  +0.000  +0.000 +50.527  +1.340  +0.680
  -4.000  +0.000  +0.000  +0.000  +0.000  +0.000  +0.000  +0.000
  -2.321  +1.000  +1.000 +11.000  +4.000  +1.300  +0.000  +1.000
  +1.000 -57.096  +1.170  +0.750  +0.000  -0.166  +1.320  +0.701
  +2.000  +0.000  +0.000  +0.000  +0.000 +32.840  +1.320  +0.701
  -4.000 -24.800  +1.100  +0.750  +0.000  +0.000  +1.100  +0.750
  +0.096  +1.000  +0.000 +10.000  +4.000  +1.300  +0.000  +1.000
  -1.000  -1.000  +1.250  +0.650 +24.000  +1.100  +0.650
  +0.000  +1.000  +3.000  +1.000 +50.000
1011000030000000    10Be(d,p)11Be(3/2- 0.00) Ex=0.80 0p3/2 QG UNBOUND SCAN
 +61.000  +0.000  +1.000
+15+01+01+03
  +0.100  +0.000 -15.000
 +17.400  +2.000  +1.000 +10.000  +4.000  +1.150  +0.000  +2.000
  +1.000 -80.885  +1.150  +0.810  +0.000  +0.000  +0.000  +0.000
  +2.000  +0.000  +0.000  +0.000  +0.000 +50.527  +1.340  +0.680
  -4.000  +0.000  +0.000  +0.000  +0.000  +0.000  +0.000  +0.000
  -2.521  +1.000  +1.000 +11.000  +4.000  +1.300  +0.000  +1.000
  +1.000 -57.096  +1.170  +0.750  +0.000  -0.166  +1.320  +0.701
  +2.000  +0.000  +0.000  +0.000  +0.000 +32.840  +1.320  +0.701
  -4.000 -24.800  +1.100  +0.750  +0.000  +0.000  +1.100  +0.750
  +0.296  +1.000  +0.000 +10.000  +4.000  +1.300  +0.000  +1.000
  -1.000  -1.000  +1.250  +0.650 +24.000  +1.100  +0.650
  +0.000  +1.000  +3.000  +1.000 +50.000
1011000030000000    10Be(d,p)11Be(3/2- 0.00) Ex=1.00 0p3/2 QG UNBOUND SCAN
 +61.000  +0.000  +1.000
+15+01+01+03
  +0.100  +0.000 -15.000
 +17.400  +2.000  +1.000 +10.000  +4.000  +1.150  +0.000  +2.000
  +1.000 -80.885  +1.150  +0.810  +0.000  +0.000  +0.000  +0.000
  +2.000  +0.000  +0.000  +0.000  +0.000 +50.527  +1.340  +0.680
  -4.000  +0.000  +0.000  +0.000  +0.000  +0.000  +0.000  +0.000
  -2.721  +1.000  +1.000 +11.000  +4.000  +1.300  +0.000  +1.000
  +1.000 -57.096  +1.170  +0.750  +0.000  -0.166  +1.320  +0.701
  +2.000  +0.000  +0.000  +0.000  +0.000 +32.840  +1.320  +0.701
  -4.000 -24.800  +1.100  +0.750  +0.000  +0.000  +1.100  +0.750
  +0.496  +1.000  +0.000 +10.000  +4.000  +1.300  +0.000  +1.000
  -1.000  -1.000  +1.250  +0.650 +24.000  +1.100  +0.650
  +0.000  +1.000  +3.000  +1.000 +50.000
1011000030000000    10Be(d,p)11Be(3/2- 0.00) Ex=1.20 0p3/2 QG UNBOUND SCAN
 +61.000  +0.000  +1.000
+15+01+01+03
  +0.100  +0.000 -15.000
 +17.400  +2.000  +1.000 +10.000  +4.000  +1.150  +0.000  +2.000
  +1.000 -80.885  +1.150  +0.810  +0.000  +0.000  +0.000  +0.000
  +2.000  +0.000  +0.000  +0.000  +0.000 +50.527  +1.340  +0.680
  -4.000  +0.000  +0.000  +0.000  +0.000  +0.000  +0.000  +0.000
  -2.921  +1.000  +1.000 +11.000  +4.000  +1.300  +0.000  +1.000
  +1.000 -57.096  +1.170  +0.750  +0.000  -0.166  +1.320  +0.701
  +2.000  +0.000  +0.000  +0.000  +0.000 +32.840  +1.320  +0.701
  -4.000 -24.800  +1.100  +0.750  +0.000  +0.000  +1.100  +0.750
  +0.696  +1.000  +0.000 +10.000  +4.000  +1.300  +0.000  +1.000
  -1.000  -1.000  +1.250  +0.650 +24.000  +1.100  +0.650
  +0.000  +1.000  +3.000  +1.000 +50.000
1011000030000000    10Be(d,p)11Be(3/2- 0.00) Ex=1.40 0p3/2 QG UNBOUND SCAN
 +61.000  +0.000  +1.000
+15+01+01+03
  +0.100  +0.000 -15.000
 +17.400  +2.000  +1.000 +10.000  +4.000  +1.150  +0.000  +2.000
  +1.000 -80.885  +1.150  +0.810  +0.000  +0.000  +0.000  +0.000
  +2.000  +0.000  +0.000  +0.000  +0.000 +50.527  +1.340  +0.680
  -4.000  +0.000  +0.000  +0.000  +0.000  +0.000  +0.000  +0.000
  -3.121  +1.000  +1.000 +11.000  +4.000  +1.300  +0.000  +1.000
  +1.000 -57.096  +1.170  +0.750  +0.000  -0.166  +1.320  +0.701
  +2.000  +0.000  +0.000  +0.000  +0.000 +32.840  +1.320  +0.701
  -4.000 -24.800  +1.100  +0.750  +0.000  +0.000  +1.100  +0.750
  +0.896  +1.000  +0.000 +10.000  +4.000  +1.300  +0.000  +1.000
  -1.000  -1.000  +1.250  +0.650 +24.000  +1.100  +0.650
  +0.000  +1.000  +3.000  +1.000 +50.000
1011000030000000    10Be(d,p)11Be(3/2- 0.00) Ex=1.60 0p3/2 QG UNBOUND SCAN
 +61.000  +0.000  +1.000
+15+01+01+03
  +0.100  +0.000 -15.000
 +17.400  +2.000  +1.000 +10.000  +4.000  +1.150  +0.000  +2.000
  +1.000 -80.885  +1.150  +0.810  +0.000  +0.000  +0.000  +0.000
  +2.000  +0.000  +0.000  +0.000  +0.000 +50.527  +1.340  +0.680
  -4.000  +0.000  +0.000  +0.000  +0.000  +0.000  +0.000  +0.000
  -3.321  +1.000  +1.000 +11.000  +4.000  +1.300  +0.000  +1.000
  +1.000 -57.096  +1.170  +0.750  +0.000  -0.166  +1.320  +0.701
  +2.000  +0.000  +0.000  +0.000  +0.000 +32.840  +1.320  +0.701
  -4.000 -24.800  +1.100  +0.750  +0.000  +0.000  +1.100  +0.750
  +1.096  +1.000  +0.000 +10.000  +4.000  +1.300  +0.000  +1.000
  -1.000  -1.000  +1.250  +0.650 +24.000  +1.100  +0.650
  +0.000  +1.000  +3.000  +1.000 +50.000
1011000030000000    10Be(d,p)11Be(3/2- 0.00) Ex=1.80 0p3/2 QG UNBOUND SCAN
 +61.000  +0.000  +1.000
+15+01+01+03
  +0.100  +0.000 -15.000
 +17.400  +2.000  +1.000 +10.000  +4.000  +1.150  +0.000  +2.000
  +1.000 -80.885  +1.150  +0.810  +0.000  +0.000  +0.000  +0.000
  +2.000  +0.000  +0.000  +0.000  +0.000 +50.527  +1.340  +0.680
  -4.000  +0.000  +0.000  +0.000  +0.000  +0.000  +0.000  +0.000
  -3.521  +1.000  +1.000 +11.000  +4.000  +1.300  +0.000  +1.000
  +1.000 -57.096  +1.170  +0.750  +0.000  -0.166  +1.320  +0.701
  +2.000  +0.000  +0.000  +0.000  +0.000 +32.840  +1.320  +0.701
  -4.000 -24.800  +1.100  +0.750  +0.000  +0.000  +1.100  +0.750
  +1.296  +1.000  +0.000 +10.000  +4.000  +1.300  +0.000  +1.000
  -1.000  -1.000  +1.250  +0.650 +24.000  +1.100  +0.650
  +0.000  +1.000  +3.000  +1.000 +50.000
1011000030000000    10Be(d,p)11Be(3/2- 0.00) Ex=2.00 0p3/2 QG UNBOUND SCAN
 +61.000  +0.000  +1.000
+15+01+01+03
  +0.100  +0.000 -15.000
 +17.400  +2.000  +1.000 +10.000  +4.000  +1.150  +0.000  +2.000
  +1.000 -80.885  +1.150  +0.810  +0.000  +0.000  +0.000  +0.000
  +2.000  +0.000  +0.000  +0.000  +0.000 +50.527  +1.340  +0.680
  -4.000  +0.000  +0.000  +0.000  +0.000  +0.000  +0.000  +0.000
  -3.721  +1.000  +1.000 +11.000  +4.000  +1.300  +0.000  +1.000
  +1.000 -57.096  +1.170  +0.750  +0.000  -0.166  +1.320  +0.701
  +2.000  +0.000  +0.000  +0.000  +0.000 +32.840  +1.320  +0.701
  -4.000 -24.800  +1.100  +0.750  +0.000  +0.000  +1.100  +0.750
  +1.496  +1.000  +0.000 +10.000  +4.000  +1.300  +0.000  +1.000
  -1.000  -1.000  +1.250  +0.650 +24.000  +1.100  +0.650
  +0.000  +1.000  +3.000  +1.000 +50.000
1011000030000000    10Be(d,p)11Be(3/2- 0.00) Ex=2.20 0p3/2 QG UNBOUND SCAN
 +61.000  +0.000  +1.000
+15+01+01+03
  +0.100  +0.000 -15.000
 +17.400  +2.000  +1.000 +10.000  +4.000  +1.150  +0.000  +2.000
  +1.000 -80.885  +1.150  +0.810  +0.000  +0.000  +0.000  +0.000
  +2.000  +0.000  +0.000  +0.000  +0.000 +50.527  +1.340  +0.680
  -4.000  +0.000  +0.000  +0.000  +0.000  +0.000  +0.000  +0.000
  -3.921  +1.000  +1.000 +11.000  +4.000  +1.300  +0.000  +1.000
  +1.000 -57.096  +1.170  +0.750  +0.000  -0.166  +1.320  +0.701
  +2.000  +0.000  +0.000  +0.000  +0.000 +32.840  +1.320  +0.701
  -4.000 -24.800  +1.100  +0.750  +0.000  +0.000  +1.100  +0.750
  +1.696  +1.000  +0.000 +10.000  +4.000  +1.300  +0.000  +1.000
  -1.000  -1.000  +1.250  +0.650 +24.000  +1.100  +0.650
  +0.000  +1.000  +3.000  +1.000 +50.000
1011000030000000    10Be(d,p)11Be(3/2- 0.00) Ex=2.40 0p3/2 QG UNBOUND SCAN
 +61.000  +0.000  +1.000
+15+01+01+03
  +0.100  +0.000 -15.000
 +17.400  +2.000  +1.000 +10.000  +4.000  +1.150  +0.000  +2.000
  +1.000 -80.885  +1.150  +0.810  +0.000  +0.000  +0.000  +0.000
  +2.000  +0.000  +0.000  +0.000  +0.000 +50.527  +1.340  +0.680
  -4.000  +0.000  +0.000  +0.000  +0.000  +0.000  +0.000  +0.000
  -4.121  +1.000  +1.000 +11.000  +4.000  +1.300  +0.000  +1.000
  +1.000 -57.096  +1.170  +0.750  +0.000  -0.166  +1.320  +0.701
  +2.000  +0.000  +0.000  +0.000  +0.000 +32.840  +1.320  +0.701
  -4.000 -24.800  +1.100  +0.750  +0.000  +0.000  +1.100  +0.750
  +1.896  +1.000  +0.000 +10.000  +4.000  +1.300  +0.000  +1.000
  -1.000  -1.000  +1.250  +0.650 +24.000  +1.100  +0.650
  +0.000  +1.000  +3.000  +1.000 +50.000
1011000030000000    10Be(d,p)11Be(3/2- 0.00) Ex=2.60 0p3/2 QG UNBOUND SCAN
 +61.000  +0.000  +1.000
+15+01+01+03
  +0.100  +0.000 -15.000
 +17.400  +2.000  +1.000 +10.000  +4.000  +1.150  +0.000  +2.000
  +1.000 -80.885  +1.150  +0.810  +0.000  +0.000  +0.000  +0.000
  +2.000  +0.000  +0.000  +0.000  +0.000 +50.527  +1.340  +0.680
  -4.000  +0.000  +0.000  +0.000  +0.000  +0.000  +0.000  +0.000
  -4.321  +1.000  +1.000 +11.000  +4.000  +1.300  +0.000  +1.000
  +1.000 -57.096  +1.170  +0.750  +0.000  -0.166  +1.320  +0.701
  +2.000  +0.000  +0.000  +0.000  +0.000 +32.840  +1.320  +0.701
  -4.000 -24.800  +1.100  +0.750  +0.000  +0.000  +1.100  +0.750
  +2.096  +1.000  +0.000 +10.000  +4.000  +1.300  +0.000  +1.000
  -1.000  -1.000  +1.250  +0.650 +24.000  +1.100  +0.650
  +0.000  +1.000  +3.000  +1.000 +50.000
1011000030000000    10Be(d,p)11Be(3/2- 0.00) Ex=2.80 0p3/2 QG UNBOUND SCAN
 +61.000  +0.000  +1.000
+15+01+01+03
  +0.100  +0.000 -15.000
 +17.400  +2.000  +1.000 +10.000  +4.000  +1.150  +0.000  +2.000
  +1.000 -80.885  +1.150  +0.810  +0.000  +0.000  +0.000  +0.000
  +2.000  +0.000  +0.000  +0.000  +0.000 +50.527  +1.340  +0.680
  -4.000  +0.000  +0.000  +0.000  +0.000  +0.000  +0.000  +0.000
  -4.521  +1.000  +1.000 +11.000  +4.000  +1.300  +0.000  +1.000
  +1.000 -57.096  +1.170  +0.750  +0.000  -0.166  +1.320  +0.701
  +2.000  +0.000  +0.000  +0.000  +0.000 +32.840  +1.320  +0.701
  -4.000 -24.800  +1.100  +0.750  +0.000  +0.000  +1.100  +0.750
  +2.296  +1.000  +0.000 +10.000  +4.000  +1.300  +0.000  +1.000
  -1.000  -1.000  +1.250  +0.650 +24.000  +1.100  +0.650
  +0.000  +1.000  +3.000  +1.000 +50.000
1011000030000000    10Be(d,p)11Be(3/2- 0.00) Ex=3.00 0p3/2 QG UNBOUND SCAN
 +61.000  +0.000  +1.000
+15+01+01+03
  +0.100  +0.000 -15.000
 +17.400  +2.000  +1.000 +10.000  +4.000  +1.150  +0.000  +2.000
  +1.000 -80.885  +1.150  +0.810  +0.000  +0.000  +0.000  +0.000
  +2.000  +0.000  +0.000  +0.000  +0.000 +50.527  +1.340  +0.680
  -4.000  +0.000  +0.000  +0.000  +0.000  +0.000  +0.000  +0.000
  -4.721  +1.000  +1.000 +11.000  +4.000  +1.300  +0.000  +1.000
  +1.000 -57.096  +1.170  +0.750  +0.000  -0.166  +1.320  +0.701
  +2.000  +0.000  +0.000  +0.000  +0.000 +32.840  +1.320  +0.701
  -4.000 -24.800  +1.100  +0.750  +0.000  +0.000  +1.100  +0.750
  +2.496  +1.000  +0.000 +10.000  +4.000  +1.300  +0.000  +1.000
  -1.000  -1.000  +1.250  +0.650 +24.000  +1.100  +0.650
  +0.000  +1.000  +3.000  +1.000 +50.000
9                   END OF DATA for DWUCK4
