1001000000200000    10Be(d,p)11Be(3/2- 0.40) Ex=0.40 0p3/2 AK
 +61.000  +0.000  +1.000
+30+01+01+03
  +0.100  +0.000 +50.000
 +17.400  +2.000  +1.000 +10.000  +4.000  +1.303  +0.000  +2.000
  +1.000 -88.744  +1.148  +0.746  +0.000  -2.186  +1.351  +0.640
  +2.000  +0.000  +0.000  +0.000  +0.000 +27.393  +1.405  +0.665
  -4.000 -14.228  +0.972  +1.011  +0.000  +0.000  +0.000  +0.000
  -2.121  +1.000  +1.000 +11.000  +4.000  +1.578  +0.000  +1.000
  +1.000 -56.280  +1.122  +0.676  +0.000  -1.117  +1.122  +0.676
  +2.000  +0.000  +0.000  +0.000  +0.000 +20.771  +1.307  +0.524
  -4.000 -21.876  +0.894  +0.590  +0.000  +0.216  +0.894  +0.590
  -0.104  +1.000  +0.000 +10.000  +4.000  +1.300  +0.000  +1.000
  +1.000  -1.000  +1.250  +0.650
  -4.000  -6.000  +1.100  +0.650
  +0.000  +1.000  +3.000  +1.000 +50.000
9                   END OF DATA for DWUCK4
