1001000000200000    10Be(d,p)11Be  17.4MeV  0 keV  0d5/2 bound AK                  
+61.    +00.    +01.                                                            
+30+01+02+05                                                                    
+00.10  +00.    +050.                                                           
+017.400  2.0     1.0    10.0    04.0    001.303                +2.0            
+01.    -88.744 +01.148 +00.746         -02.186 +01.351 +00.640 
+02.    +00.000 +00.000 +00.000         +10.298 +01.405 +00.665 
-04.    -03.557 +00.972 +01.011         +00.000 +00.000 +00.000 
-01.721  1.0     1.0    11.0    04.0    001.578                 +01.            
+01.    -55.917 +01.122 +00.676         -01.202 +01.122 +00.676 
+02.    +00.000 +00.000 +00.000         +09.896 +01.307 +00.524 
-04.    -05.450 +00.894 +00.590         +00.058 +00.894 +00.590 
-00.504  1.0     0.0    10.0    04.0    +01.30                  +01.            
-01.    -01.    +01.25  +00.65  +06.00                                          
+00.    +02.    +05.    +01.    +50.0   +00.    +00.00                          
1001000000200000    10Be(d,p)11Be  17.4MeV  100 keV  0d5/2 bound AK                
+61.    +00.    +01.                                                            
+30+01+02+05                                                                    
+00.10  +00.    +050.                                                           
+017.400  2.0     1.0    10.0    04.0    001.303                +2.0            
+01.    -88.744 +01.148 +00.746         -02.186 +01.351 +00.640 
+02.    +00.000 +00.000 +00.000         +10.298 +01.405 +00.665 
-04.    -03.557 +00.972 +01.011         +00.000 +00.000 +00.000 
-01.821  1.0     1.0    11.0    04.0    001.578                 +01.            
+01.    -55.917 +01.122 +00.676         -01.202 +01.122 +00.676 
+02.    +00.000 +00.000 +00.000         +09.896 +01.307 +00.524 
-04.    -05.450 +00.894 +00.590         +00.058 +00.894 +00.590 
-00.404  1.0     0.0    10.0    04.0    +01.30                  +01.            
-01.    -01.    +01.25  +00.65  +06.00                                          
+00.    +02.    +05.    +01.    +50.0   +00.    +00.00                          
1001000000200000    10Be(d,p)11Be  17.4MeV  200 keV  0d5/2 bound AK                
+61.    +00.    +01.                                                            
+30+01+02+05                                                                    
+00.10  +00.    +050.                                                           
+017.400  2.0     1.0    10.0    04.0    001.303                +2.0            
+01.    -88.744 +01.148 +00.746         -02.186 +01.351 +00.640 
+02.    +00.000 +00.000 +00.000         +10.298 +01.405 +00.665 
-04.    -03.557 +00.972 +01.011         +00.000 +00.000 +00.000 
-01.921  1.0     1.0    11.0    04.0    001.578                 +01.            
+01.    -55.917 +01.122 +00.676         -01.202 +01.122 +00.676 
+02.    +00.000 +00.000 +00.000         +09.896 +01.307 +00.524 
-04.    -05.450 +00.894 +00.590         +00.058 +00.894 +00.590 
-00.304  1.0     0.0    10.0    04.0    +01.30                  +01.            
-01.    -01.    +01.25  +00.65  +06.00                                          
+00.    +02.    +05.    +01.    +50.0   +00.    +00.00                          
1001000000200000    10Be(d,p)11Be  17.4MeV  300 keV  0d5/2 bound AK                
+61.    +00.    +01.                                                            
+30+01+02+05                                                                    
+00.10  +00.    +050.                                                           
+017.400  2.0     1.0    10.0    04.0    001.303                +2.0            
+01.    -88.744 +01.148 +00.746         -02.186 +01.351 +00.640 
+02.    +00.000 +00.000 +00.000         +10.298 +01.405 +00.665 
-04.    -03.557 +00.972 +01.011         +00.000 +00.000 +00.000 
-02.021  1.0     1.0    11.0    04.0    001.578                 +01.            
+01.    -55.917 +01.122 +00.676         -01.202 +01.122 +00.676 
+02.    +00.000 +00.000 +00.000         +09.896 +01.307 +00.524 
-04.    -05.450 +00.894 +00.590         +00.058 +00.894 +00.590 
-00.204  1.0     0.0    10.0    04.0    +01.30                  +01.            
-01.    -01.    +01.25  +00.65  +06.00                                          
+00.    +02.    +05.    +01.    +50.0   +00.    +00.00                          
1001000000200000    10Be(d,p)11Be  17.4MeV  400 keV  0d5/2 bound AK                
+61.    +00.    +01.                                                            
+30+01+02+05                                                                    
+00.10  +00.    +050.                                                           
+017.400  2.0     1.0    10.0    04.0    001.303                +2.0            
+01.    -88.744 +01.148 +00.746         -02.186 +01.351 +00.640 
+02.    +00.000 +00.000 +00.000         +10.298 +01.405 +00.665 
-04.    -03.557 +00.972 +01.011         +00.000 +00.000 +00.000 
-02.121  1.0     1.0    11.0    04.0    001.578                 +01.            
+01.    -55.917 +01.122 +00.676         -01.202 +01.122 +00.676 
+02.    +00.000 +00.000 +00.000         +09.896 +01.307 +00.524 
-04.    -05.450 +00.894 +00.590         +00.058 +00.894 +00.590 
-00.104  1.0     0.0    10.0    04.0    +01.30                  +01.            
-01.    -01.    +01.25  +00.65  +06.00                                          
+00.    +02.    +05.    +01.    +50.0   +00.    +00.00                          
9                   END OF DATA for DWUCK4
