1001000000200000    10Be(d,p) @ 17.4MeV Ex=0.00MeV L=1 AK params             
+60.    +00.    +01.                                                            
+30+01+01+03                                                                    
+00.10  +00.    +050.                                                           
+017.400  2.0     1.0    10.0     4.0    001.303                  2.0           
+01.    -88.744 +01.148 +00.746         -01.602 +01.335 +00.525 
+02.    +00.000 +00.000 +00.000         +86.060 +01.405 +00.665 
-04.    -14.228 +00.972 +01.011         +00.000 +00.000 +00.000 
-01.721  1.0     1.0    11.0     4.0    001.578                 +01.            
+01.    -56.280 +01.122 +00.676         -01.117 +01.122 +00.676 
+02.    +00.000 +00.000 +00.000         +65.250 +01.307 +00.524 
-04.    -21.876 +00.894 +00.590         +00.216 +00.894 +00.590 
-00.504  1.0     0.0    10.0     4.0    +01.30                  +01.            
-01.    -01.    +01.25  +00.65  24.0                                            
+00.    +01.    +03.    +01.    +50.0   +00.    +00.00                          
1001000000200000    10Be(d,p) @ 17.4MeV Ex=0.10MeV L=1 AK params             
+60.    +00.    +01.                                                            
+30+01+01+03                                                                    
+00.10  +00.    +050.                                                           
+017.400  2.0     1.0    10.0     4.0    001.303                  2.0           
+01.    -88.744 +01.148 +00.746         -01.602 +01.335 +00.525 
+02.    +00.000 +00.000 +00.000         +86.060 +01.405 +00.665 
-04.    -14.228 +00.972 +01.011         +00.000 +00.000 +00.000 
-01.821  1.0     1.0    11.0     4.0    001.578                 +01.            
+01.    -56.280 +01.122 +00.676         -01.117 +01.122 +00.676 
+02.    +00.000 +00.000 +00.000         +65.250 +01.307 +00.524 
-04.    -21.876 +00.894 +00.590         +00.216 +00.894 +00.590 
-00.404  1.0     0.0    10.0     4.0    +01.30                  +01.            
-01.    -01.    +01.25  +00.65  24.0                                            
+00.    +01.    +03.    +01.    +50.0   +00.    +00.00                          
1001000000200000    10Be(d,p) @ 17.4MeV Ex=0.20MeV L=1 AK params             
+60.    +00.    +01.                                                            
+30+01+01+03                                                                    
+00.10  +00.    +050.                                                           
+017.400  2.0     1.0    10.0     4.0    001.303                  2.0           
+01.    -88.744 +01.148 +00.746         -01.602 +01.335 +00.640 
+02.    +00.000 +00.000 +00.000         +86.060 +01.405 +00.665 
-04.    -14.228 +00.972 +01.011         +00.000 +00.000 +00.000 
-01.921  1.0     1.0    11.0     4.0    001.578                 +01.            
+01.    -56.280 +01.122 +00.676         -01.117 +01.122 +00.676 
+02.    +00.000 +00.000 +00.000         +65.250 +01.307 +00.524 
-04.    -21.876 +00.894 +00.590         +00.216 +00.894 +00.590 
-00.304  1.0     0.0    10.0     4.0    +01.30                  +01.            
-01.    -01.    +01.25  +00.65  24.0                                            
+00.    +01.    +03.    +01.    +50.0   +00.    +00.00                          
1001000000200000    10Be(d,p) @ 17.4MeV Ex=0.30MeV L=1 AK params             
+60.    +00.    +01.                                                            
+30+01+01+03                                                                    
+00.10  +00.    +050.                                                           
+017.400  2.0     1.0    10.0     4.0    001.303                  2.0           
+01.    -88.744 +01.148 +00.746         -01.602 +01.335 +00.525 
+02.    +00.000 +00.000 +00.000         +86.060 +01.405 +00.665 
-04.    -14.228 +00.972 +01.011         +00.000 +00.000 +00.000 
-02.021  1.0     1.0    11.0     4.0    001.578                 +01.            
+01.    -56.280 +01.122 +00.676         -01.117 +01.122 +00.676 
+02.    +00.000 +00.000 +00.000         +65.250 +01.307 +00.524 
-04.    -21.876 +00.894 +00.590         +00.216 +00.894 +00.590 
-00.204  1.0     0.0    10.0     4.0    +01.30                  +01.            
-01.    -01.    +01.25  +00.65  24.0                                            
+00.    +01.    +03.    +01.    +50.0   +00.    +00.00                          
1001000000200000    10Be(d,p) @ 17.4MeV Ex=0.40MeV L=1 AK params             
+60.    +00.    +01.                                                            
+30+01+01+03                                                                    
+00.10  +00.    +050.                                                           
+017.400  2.0     1.0    10.0     4.0    001.303                  2.0           
+01.    -88.744 +01.148 +00.746         -01.602 +01.335 +00.525 
+02.    +00.000 +00.000 +00.000         +86.060 +01.405 +00.665 
-04.    -14.228 +00.972 +01.011         +00.000 +00.000 +00.000 
-02.121  1.0     1.0    11.0     4.0    001.578                 +01.            
+01.    -56.280 +01.122 +00.676         -01.117 +01.122 +00.676 
+02.    +00.000 +00.000 +00.000         +65.250 +01.307 +00.524 
-04.    -21.876 +00.894 +00.590         +00.216 +00.894 +00.590 
-00.104  1.0     0.0    10.0     4.0    +01.30                  +01.            
-01.    -01.    +01.25  +00.65  24.0                                            
+00.    +01.    +03.    +01.    +50.0   +00.    +00.00                          
1001000000200000    10Be(d,p) @ 17.4MeV Ex=0.00MeV L=1 QG params             
+60.    +00.    +01.                                                            
+30+01+01+03                                                                    
+00.10  +00.    +050.                                                           
+017.400  2.0     1.0    10.0     4.0    001.150                  2.0           
+01.    -80.885 +01.150 +00.810         +00.000 +00.000 +00.000 
+02.    +00.000 +00.000 +00.000        +158.740 +01.340 +00.680 
-04.    +00.000 +00.000 +00.000         +00.000 +00.000 +00.000 
-01.721  1.0     1.0    11.0     4.0    001.300                 +01.            
+01.    -57.096 +01.170 +00.750         -00.166 +01.320 +00.701 
+02.    +00.000 +00.000 +00.000        +103.170 +01.320 +00.701 
-04.    -24.800 +01.100 +00.750         +00.000 +00.000 +00.000 
-00.504  1.0     0.0    10.0     4.0    +01.30                  +01.            
-01.    -01.    +01.25  +00.65  24.0                                            
+00.    +01.    +03.    +01.    +50.0   +00.    +00.00                          
1001000000200000    10Be(d,p) @ 17.4MeV Ex=0.10MeV L=1 QG params             
+60.    +00.    +01.                                                            
+30+01+01+03                                                                    
+00.10  +00.    +050.                                                           
+017.400  2.0     1.0    10.0     4.0    001.150                  2.0           
+01.    -80.885 +01.150 +00.810         +00.000 +00.000 +00.000 
+02.    +00.000 +00.000 +00.000        +158.740 +01.340 +00.680 
-04.    +00.000 +00.000 +00.000         +00.000 +00.000 +00.000 
-01.821  1.0     1.0    11.0     4.0    001.300                 +01.            
+01.    -57.096 +01.170 +00.750         -00.166 +01.320 +00.701 
+02.    +00.000 +00.000 +00.000        +103.170 +01.320 +00.701 
-04.    -24.800 +01.100 +00.750         +00.000 +00.000 +00.000 
-00.404  1.0     0.0    10.0     4.0    +01.30                  +01.            
-01.    -01.    +01.25  +00.65  24.0                                            
+00.    +01.    +03.    +01.    +50.0   +00.    +00.00                          
1001000000200000    10Be(d,p) @ 17.4MeV Ex=0.20MeV L=1 QG params             
+60.    +00.    +01.                                                            
+30+01+01+03                                                                    
+00.10  +00.    +050.                                                           
+017.400  2.0     1.0    10.0     4.0    001.150                  2.0           
+01.    -80.885 +01.150 +00.810         +00.000 +00.000 +00.000 
+02.    +00.000 +00.000 +00.000        +158.740 +01.340 +00.680 
-04.    +00.000 +00.000 +00.000         +00.000 +00.000 +00.000 
-01.921  1.0     1.0    11.0     4.0    001.300                 +01.            
+01.    -57.096 +01.170 +00.750         -00.166 +01.320 +00.701 
+02.    +00.000 +00.000 +00.000        +103.170 +01.320 +00.701 
-04.    -24.800 +01.100 +00.750         +00.000 +00.000 +00.000 
-00.304  1.0     0.0    10.0     4.0    +01.30                  +01.            
-01.    -01.    +01.25  +00.65  24.0                                            
+00.    +01.    +03.    +01.    +50.0   +00.    +00.00                          
1001000000200000    10Be(d,p) @ 17.4MeV Ex=0.30MeV L=1 QG params             
+60.    +00.    +01.                                                            
+30+01+01+03                                                                    
+00.10  +00.    +050.                                                           
+017.400  2.0     1.0    10.0     4.0    001.150                  2.0           
+01.    -80.885 +01.150 +00.810         +00.000 +00.000 +00.000 
+02.    +00.000 +00.000 +00.000        +158.740 +01.340 +00.680 
-04.    +00.000 +00.000 +00.000         +00.000 +00.000 +00.000 
-02.021  1.0     1.0    11.0     4.0    001.300                 +01.            
+01.    -57.096 +01.170 +00.750         -00.166 +01.320 +00.701 
+02.    +00.000 +00.000 +00.000        +103.170 +01.320 +00.701 
-04.    -24.800 +01.100 +00.750         +00.000 +00.000 +00.000 
-00.204  1.0     0.0    10.0     4.0    +01.30                  +01.            
-01.    -01.    +01.25  +00.65  24.0                                            
+00.    +01.    +03.    +01.    +50.0   +00.    +00.00                          
1001000000200000    10Be(d,p) @ 17.4MeV Ex=0.40MeV L=1 QG params             
+60.    +00.    +01.                                                            
+30+01+01+03                                                                    
+00.10  +00.    +050.                                                           
+017.400  2.0     1.0    10.0     4.0    001.150                  2.0           
+01.    -80.885 +01.150 +00.810         +00.000 +00.000 +00.000 
+02.    +00.000 +00.000 +00.000        +158.740 +01.340 +00.680 
-04.    +00.000 +00.000 +00.000         +00.000 +00.000 +00.000 
-02.121  1.0     1.0    11.0     4.0    001.300                 +01.            
+01.    -57.096 +01.170 +00.750         -00.166 +01.320 +00.701 
+02.    +00.000 +00.000 +00.000        +103.170 +01.320 +00.701 
-04.    -24.800 +01.100 +00.750         +00.000 +00.000 +00.000 
-00.104  1.0     0.0    10.0     4.0    +01.30                  +01.            
-01.    -01.    +01.25  +00.65  24.0                                            
+00.    +01.    +03.    +01.    +50.0   +00.    +00.00                          
9                   END OF DATA for DWUCK4
