1011000030000000    10Be(d,p)11Be  17.4MeV  1780 keV  0d5/2 unbound QG              
+61.000 +0.000  +1.000  
+15+01+0205
+0.100  +0.000  -15.000 
+17.400 +2.000  +1.000  +10.000 +4.000  +1.150          +2.000  
+1.     -80.885 +1.150  +0.810          +0.000  +0.000  +0.000  
+2.     +0.000  +0.000  +0.000          +50.527 +1.340  +0.680  
-4.     +0.000  +0.000  +0.000          +0.000  +0.000  +0.000  
-3.501  +1.000  +1.000  +11.000 +4.000  +1.300          +1.000  
+1.     -56.818 +1.170  +0.750          -0.357  +1.320  +0.701  
+2.     +0.000  +0.000  +0.000          +32.210 +1.320  +0.701  
-4.     -24.800 +1.100  +0.750          +0.000  +0.000  +0.000  
+1.276  +1.000  +0.000  +10.000 +4.000  +1.300          +1.000  
-1.     -1.     +1.250  +0.650  24.000  +1.100  +0.650  
+0.000  +2.000  +5.000  +1.000  +50.000 
9                   END OF DATA for DWUCK4
