1011000030000000    10Be(d,p)11Be  17.4MeV  1780 keV  0d5/2 unbound AK              
+61.000 +0.000  +1.000  
+15+01+0205
+0.100  +0.000  -15.000 
+17.400 +2.000  +1.000  +10.000 +4.000  +1.303          +2.000  
+1.     -88.744 +1.148  +0.746          -2.186  +1.351  +0.640  
+2.     +0.000  +0.000  +0.000          +27.393 +1.405  +0.665  
-4.     -14.228 +0.972  +1.011          +0.000  +0.000  +0.000  
-3.501  +1.000  +1.000  +11.000 +4.000  +1.578          +1.000  
+1.     -55.917 +1.122  +0.676          -1.202  +1.122  +0.676  
+2.     +0.000  +0.000  +0.000          +20.742 +1.307  +0.524  
-4.     -21.800 +0.894  +0.590          +0.232  +0.894  +0.590  
+1.276  +1.000  +0.000  +10.000 +4.000  +1.300          +1.000  
-1.     -1.     +1.250  +0.650  24.000  +1.100  +0.650  
+0.000  +2.000  +5.000  +1.000  +50.000 
9                   END OF DATA for DWUCK4
