1011000030000000    10Be(d,p)11Be  600 keV  1780 keV  0d5/2 
+61.000  +0.000 +1.000  
+15 +1 +2 +5
+0.100   +0.000 -15.000 
+17.400 +2.000  +1.000  +10.000 +4.000  +1.303   +0.000 +2.000  
+1.000  -88.744 +1.148  +0.746   +0.000 -2.186  +1.351  +0.640  
+2.000   +0.000  +0.000  +0.000  +0.000 +27.393 +1.405  +0.665  
-4.000  -14.228 +0.972  +1.011   +0.000  +0.000  +0.000  +0.000 
-2.321  +1.000  +1.000  +11.000 +4.000  +1.578   +0.000 +1.000  
+1.000  -55.917 +1.122  +0.676   +0.000 -1.202  +1.122  +0.676  
+2.000   +0.000  +0.000  +0.000  +0.000 +20.742 +1.307  +0.524  
-4.000  -21.800 +0.894  +0.590   +0.000 +0.232  +0.894  +0.590  
+0.096  +1.000   +0.000 +10.000 +4.000  +1.300   +0.000 +1.000  
+1.000  -1.000  +1.250  +0.650  
-4.000  -6.000  +1.100  +0.650  
 +0.000 +2.000  +5.000  +1.000  +50.000 
1011000030000000    10Be(d,p)11Be  800 keV  1780 keV  0d5/2 
+61.000  +0.000 +1.000  
+15 +1 +2 +5
+0.100   +0.000 -15.000 
+17.400 +2.000  +1.000  +10.000 +4.000  +1.303   +0.000 +2.000  
+1.000  -88.744 +1.148  +0.746   +0.000 -2.186  +1.351  +0.640  
+2.000   +0.000  +0.000  +0.000  +0.000 +27.393 +1.405  +0.665  
-4.000  -14.228 +0.972  +1.011   +0.000  +0.000  +0.000  +0.000 
-2.521  +1.000  +1.000  +11.000 +4.000  +1.578   +0.000 +1.000  
+1.000  -55.917 +1.122  +0.676   +0.000 -1.202  +1.122  +0.676  
+2.000   +0.000  +0.000  +0.000  +0.000 +20.742 +1.307  +0.524  
-4.000  -21.800 +0.894  +0.590   +0.000 +0.232  +0.894  +0.590  
+0.296  +1.000   +0.000 +10.000 +4.000  +1.300   +0.000 +1.000  
+1.000  -1.000  +1.250  +0.650  
-4.000  -6.000  +1.100  +0.650  
 +0.000 +2.000  +5.000  +1.000  +50.000 
1011000030000000    10Be(d,p)11Be 1000 keV  1780 keV  0d5/2 
+61.000  +0.000 +1.000  
+15 +1 +2 +5
+0.100   +0.000 -15.000 
+17.400 +2.000  +1.000  +10.000 +4.000  +1.303   +0.000 +2.000  
+1.000  -88.744 +1.148  +0.746   +0.000 -2.186  +1.351  +0.640  
+2.000   +0.000  +0.000  +0.000  +0.000 +27.393 +1.405  +0.665  
-4.000  -14.228 +0.972  +1.011   +0.000  +0.000  +0.000  +0.000 
-2.721  +1.000  +1.000  +11.000 +4.000  +1.578   +0.000 +1.000  
+1.000  -55.917 +1.122  +0.676   +0.000 -1.202  +1.122  +0.676  
+2.000   +0.000  +0.000  +0.000  +0.000 +20.742 +1.307  +0.524  
-4.000  -21.800 +0.894  +0.590   +0.000 +0.232  +0.894  +0.590  
+0.496  +1.000   +0.000 +10.000 +4.000  +1.300   +0.000 +1.000  
+1.000  -1.000  +1.250  +0.650  
-4.000  -6.000  +1.100  +0.650  
 +0.000 +2.000  +5.000  +1.000  +50.000 
1011000030000000    10Be(d,p)11Be 1200 keV  1780 keV  0d5/2 
+61.000  +0.000 +1.000  
+15 +1 +2 +5
+0.100   +0.000 -15.000 
+17.400 +2.000  +1.000  +10.000 +4.000  +1.303   +0.000 +2.000  
+1.000  -88.744 +1.148  +0.746   +0.000 -2.186  +1.351  +0.640  
+2.000   +0.000  +0.000  +0.000  +0.000 +27.393 +1.405  +0.665  
-4.000  -14.228 +0.972  +1.011   +0.000  +0.000  +0.000  +0.000 
-2.921  +1.000  +1.000  +11.000 +4.000  +1.578   +0.000 +1.000  
+1.000  -55.917 +1.122  +0.676   +0.000 -1.202  +1.122  +0.676  
+2.000   +0.000  +0.000  +0.000  +0.000 +20.742 +1.307  +0.524  
-4.000  -21.800 +0.894  +0.590   +0.000 +0.232  +0.894  +0.590  
+0.696  +1.000   +0.000 +10.000 +4.000  +1.300   +0.000 +1.000  
+1.000  -1.000  +1.250  +0.650  
-4.000  -6.000  +1.100  +0.650  
 +0.000 +2.000  +5.000  +1.000  +50.000 
1011000030000000    10Be(d,p)11Be 1400 keV  1780 keV  0d5/2 
+61.000  +0.000 +1.000  
+15 +1 +2 +5
+0.100   +0.000 -15.000 
+17.400 +2.000  +1.000  +10.000 +4.000  +1.303   +0.000 +2.000  
+1.000  -88.744 +1.148  +0.746   +0.000 -2.186  +1.351  +0.640  
+2.000   +0.000  +0.000  +0.000  +0.000 +27.393 +1.405  +0.665  
-4.000  -14.228 +0.972  +1.011   +0.000  +0.000  +0.000  +0.000 
-3.121  +1.000  +1.000  +11.000 +4.000  +1.578   +0.000 +1.000  
+1.000  -55.917 +1.122  +0.676   +0.000 -1.202  +1.122  +0.676  
+2.000   +0.000  +0.000  +0.000  +0.000 +20.742 +1.307  +0.524  
-4.000  -21.800 +0.894  +0.590   +0.000 +0.232  +0.894  +0.590  
+0.896  +1.000   +0.000 +10.000 +4.000  +1.300   +0.000 +1.000  
+1.000  -1.000  +1.250  +0.650  
-4.000  -6.000  +1.100  +0.650  
 +0.000 +2.000  +5.000  +1.000  +50.000 
1011000030000000    10Be(d,p)11Be 1600 keV  1780 keV  0d5/2 
+61.000  +0.000 +1.000  
+15 +1 +2 +5
+0.100   +0.000 -15.000 
+17.400 +2.000  +1.000  +10.000 +4.000  +1.303   +0.000 +2.000  
+1.000  -88.744 +1.148  +0.746   +0.000 -2.186  +1.351  +0.640  
+2.000   +0.000  +0.000  +0.000  +0.000 +27.393 +1.405  +0.665  
-4.000  -14.228 +0.972  +1.011   +0.000  +0.000  +0.000  +0.000 
-3.321  +1.000  +1.000  +11.000 +4.000  +1.578   +0.000 +1.000  
+1.000  -55.917 +1.122  +0.676   +0.000 -1.202  +1.122  +0.676  
+2.000   +0.000  +0.000  +0.000  +0.000 +20.742 +1.307  +0.524  
-4.000  -21.800 +0.894  +0.590   +0.000 +0.232  +0.894  +0.590  
+1.096  +1.000   +0.000 +10.000 +4.000  +1.300   +0.000 +1.000  
+1.000  -1.000  +1.250  +0.650  
-4.000  -6.000  +1.100  +0.650  
 +0.000 +2.000  +5.000  +1.000  +50.000 
1011000030000000    10Be(d,p)11Be 1800 keV  1780 keV  0d5/2 
+61.000  +0.000 +1.000  
+15 +1 +2 +5
+0.100   +0.000 -15.000 
+17.400 +2.000  +1.000  +10.000 +4.000  +1.303   +0.000 +2.000  
+1.000  -88.744 +1.148  +0.746   +0.000 -2.186  +1.351  +0.640  
+2.000   +0.000  +0.000  +0.000  +0.000 +27.393 +1.405  +0.665  
-4.000  -14.228 +0.972  +1.011   +0.000  +0.000  +0.000  +0.000 
-3.521  +1.000  +1.000  +11.000 +4.000  +1.578   +0.000 +1.000  
+1.000  -55.917 +1.122  +0.676   +0.000 -1.202  +1.122  +0.676  
+2.000   +0.000  +0.000  +0.000  +0.000 +20.742 +1.307  +0.524  
-4.000  -21.800 +0.894  +0.590   +0.000 +0.232  +0.894  +0.590  
+1.296  +1.000   +0.000 +10.000 +4.000  +1.300   +0.000 +1.000  
+1.000  -1.000  +1.250  +0.650  
-4.000  -6.000  +1.100  +0.650  
 +0.000 +2.000  +5.000  +1.000  +50.000 
1011000030000000    10Be(d,p)11Be 2000 keV  1780 keV  0d5/2 
+61.000  +0.000 +1.000  
+15 +1 +2 +5
+0.100   +0.000 -15.000 
+17.400 +2.000  +1.000  +10.000 +4.000  +1.303   +0.000 +2.000  
+1.000  -88.744 +1.148  +0.746   +0.000 -2.186  +1.351  +0.640  
+2.000   +0.000  +0.000  +0.000  +0.000 +27.393 +1.405  +0.665  
-4.000  -14.228 +0.972  +1.011   +0.000  +0.000  +0.000  +0.000 
-3.721  +1.000  +1.000  +11.000 +4.000  +1.578   +0.000 +1.000  
+1.000  -55.917 +1.122  +0.676   +0.000 -1.202  +1.122  +0.676  
+2.000   +0.000  +0.000  +0.000  +0.000 +20.742 +1.307  +0.524  
-4.000  -21.800 +0.894  +0.590   +0.000 +0.232  +0.894  +0.590  
+1.496  +1.000   +0.000 +10.000 +4.000  +1.300   +0.000 +1.000  
+1.000  -1.000  +1.250  +0.650  
-4.000  -6.000  +1.100  +0.650  
 +0.000 +2.000  +5.000  +1.000  +50.000 
9                   END OF DATA for DWUCK4
