1001000000200000    10Be(d,p)11Be  17.4MeV  0 keV  0d5/2 bound QG                  
+61.000 +0.000  +1.000  
+30+01+0205
+0.100  +0.000  +50.000 
+17.400 +2.000  +1.000  +10.000 +4.000  +1.150          +2.000  
+1.     -80.885 +1.150  +0.810          +0.000  +0.000  +0.000  
+2.     +0.000  +0.000  +0.000          +50.527 +1.340  +0.680  
-4.     +0.000  +0.000  +0.000          +0.000  +0.000  +0.000  
-1.721  +1.000  +1.000  +11.000 +4.000  +1.300          +1.000  
+1.     -56.818 +1.170  +0.750          -0.357  +1.320  +0.701  
+2.     +0.000  +0.000  +0.000          +32.210 +1.320  +0.701  
-4.     -24.800 +1.100  +0.750          +0.000  +0.000  +0.000  
-0.504  +1.000  +0.000  +10.000 +4.000  +1.300          +1.000  
+1.     -1.     +1.250  +0.650  
-4.     -6.000  +1.100  +0.650  
+0.000  +2.000  +5.000  +1.000  +50.000 
1001000000200000    10Be(d,p)11Be  17.4MeV  100 keV  0d5/2 bound QG                
+61.000 +0.000  +1.000  
+30+01+0205
+0.100  +0.000  +50.000 
+17.400 +2.000  +1.000  +10.000 +4.000  +1.150          +2.000  
+1.     -80.885 +1.150  +0.810          +0.000  +0.000  +0.000  
+2.     +0.000  +0.000  +0.000          +50.527 +1.340  +0.680  
-4.     +0.000  +0.000  +0.000          +0.000  +0.000  +0.000  
-1.821  +1.000  +1.000  +11.000 +4.000  +1.300          +1.000  
+1.     -56.818 +1.170  +0.750          -0.357  +1.320  +0.701  
+2.     +0.000  +0.000  +0.000          +32.210 +1.320  +0.701  
-4.     -24.800 +1.100  +0.750          +0.000  +0.000  +0.000  
-0.404  +1.000  +0.000  +10.000 +4.000  +1.300          +1.000  
+1.     -1.     +1.250  +0.650  
-4.     -6.000  +1.100  +0.650  
+0.000  +2.000  +5.000  +1.000  +50.000 
1001000000200000    10Be(d,p)11Be  17.4MeV  200 keV  0d5/2 bound QG                
+61.000 +0.000  +1.000  
+30+01+0205
+0.100  +0.000  +50.000 
+17.400 +2.000  +1.000  +10.000 +4.000  +1.150          +2.000  
+1.     -80.885 +1.150  +0.810          +0.000  +0.000  +0.000  
+2.     +0.000  +0.000  +0.000          +50.527 +1.340  +0.680  
-4.     +0.000  +0.000  +0.000          +0.000  +0.000  +0.000  
-1.921  +1.000  +1.000  +11.000 +4.000  +1.300          +1.000  
+1.     -56.818 +1.170  +0.750          -0.357  +1.320  +0.701  
+2.     +0.000  +0.000  +0.000          +32.210 +1.320  +0.701  
-4.     -24.800 +1.100  +0.750          +0.000  +0.000  +0.000  
-0.304  +1.000  +0.000  +10.000 +4.000  +1.300          +1.000  
+1.     -1.     +1.250  +0.650  
-4.     -6.000  +1.100  +0.650  
+0.000  +2.000  +5.000  +1.000  +50.000 
1001000000200000    10Be(d,p)11Be  17.4MeV  300 keV  0d5/2 bound QG                
+61.000 +0.000  +1.000  
+30+01+0205
+0.100  +0.000  +50.000 
+17.400 +2.000  +1.000  +10.000 +4.000  +1.150          +2.000  
+1.     -80.885 +1.150  +0.810          +0.000  +0.000  +0.000  
+2.     +0.000  +0.000  +0.000          +50.527 +1.340  +0.680  
-4.     +0.000  +0.000  +0.000          +0.000  +0.000  +0.000  
-2.021  +1.000  +1.000  +11.000 +4.000  +1.300          +1.000  
+1.     -56.818 +1.170  +0.750          -0.357  +1.320  +0.701  
+2.     +0.000  +0.000  +0.000          +32.210 +1.320  +0.701  
-4.     -24.800 +1.100  +0.750          +0.000  +0.000  +0.000  
-0.204  +1.000  +0.000  +10.000 +4.000  +1.300          +1.000  
+1.     -1.     +1.250  +0.650  
-4.     -6.000  +1.100  +0.650  
+0.000  +2.000  +5.000  +1.000  +50.000 
1001000000200000    10Be(d,p)11Be  17.4MeV  400 keV  0d5/2 bound QG                
+61.000 +0.000  +1.000  
+30+01+0205
+0.100  +0.000  +50.000 
+17.400 +2.000  +1.000  +10.000 +4.000  +1.150          +2.000  
+1.     -80.885 +1.150  +0.810          +0.000  +0.000  +0.000  
+2.     +0.000  +0.000  +0.000          +50.527 +1.340  +0.680  
-4.     +0.000  +0.000  +0.000          +0.000  +0.000  +0.000  
-2.121  +1.000  +1.000  +11.000 +4.000  +1.300          +1.000  
+1.     -56.818 +1.170  +0.750          -0.357  +1.320  +0.701  
+2.     +0.000  +0.000  +0.000          +32.210 +1.320  +0.701  
-4.     -24.800 +1.100  +0.750          +0.000  +0.000  +0.000  
-0.104  +1.000  +0.000  +10.000 +4.000  +1.300          +1.000  
+1.     -1.     +1.250  +0.650  
-4.     -6.000  +1.100  +0.650  
+0.000  +2.000  +5.000  +1.000  +50.000 
9                   END OF DATA for DWUCK4
