1001000000200000    36S(d,p)@ 16MeV    3355 keV  unknown bound AK
+60.    +00.    +01.
+30+01+03+14
+00.10  +00.    +050.
+016.000  2.0     1.0    36.0    16.0    001.303                  2.0
+01.    -091.007 +01.150 +00.761         -002.099 +01.335 +00.525
+02.    +00.000 +00.000 +00.000         +030.441 +01.380 +00.736
-04.    -014.228 +00.972 +01.011         +00.000 +00.000 +00.000
+-01.276  1.0     1.0    37.0    16.0    001.292                 +01.
+01.    -054.324 +01.182 +00.672         -001.208 +01.182 +00.672
+02.    +00.000 +00.000 +00.000         +018.966 +01.290 +00.538
-04.    -022.044 +00.991 +00.590         +000.244 +00.991 +00.590
-000.949  1.0     0.0    36.0    16.0    +01.30                  +01.
-01.    -01.    +01.25  +00.65  36.439  +01.10  +00.65
+00.0   +03.0   +14.0   +01.0   +50.0
9                   END OF DATA for DWUCK4