1001000000200000    36S(d,p)@ 16MeV    2638 keV  unknown bound AK
+60.    +00.    +01.
+30+01+01+02
+00.10  +00.    +050.
+016.000  2.0     1.0    36.0    16.0    001.303                  2.0
+01.    -091.007 +01.150 +00.761         -002.099 +01.335 +00.525
+02.    +00.000 +00.000 +00.000         +030.441 +01.380 +00.736
-04.    -014.228 +00.972 +01.011         +00.000 +00.000 +00.000
+-00.559  1.0     1.0    37.0    16.0    001.292                 +01.
+01.    -054.032 +01.182 +00.672         -001.279 +01.182 +00.672
+02.    +00.000 +00.000 +00.000         +018.907 +01.290 +00.538
-04.    -021.980 +00.991 +00.590         +000.260 +00.991 +00.590
-001.666  1.0     0.0    36.0    16.0    +01.30                  +01.
-01.    -01.    +01.25  +00.65  36.439  +01.10  +00.65
+01.0   +01.0   +02.0   +01.0   +50.0
9                   END OF DATA for DWUCK4