1001000000200000    36S(d,p)@1398keV L=1 J=3/2 1p3/2 AK                         
+60.000 +0.000  +1.000  
+30+01+0106
+0.100  +0.000  +50.000 
+16.000 +2.000  +1.000  +36.000 +16.000 +1.303          +2.000  
+1.     -91.007 +1.150  +0.761          -2.099  +1.335  +0.525  
+2.     +0.000  +0.000  +0.000          +30.441 +1.380  +0.736  
-4.     -14.228 +0.972  +1.011          +0.000  +0.000  +0.000  
+0.681  +1.000  +1.000  +37.000 +16.000 +1.292          +1.000  
+1.     -53.530 +1.182  +0.672          -1.406  +1.182  +0.672  
+2.     +0.000  +0.000  +0.000          +18.763 +1.290  +0.538  
-4.     -21.872 +0.991  +0.590          +0.284  +0.991  +0.590  
-2.906  +1.000  +0.000  +36.000 +16.000 +1.300          +1.000  
-1.     -1.     +1.250  +0.650  36.439  +1.100  +0.650  
+1.000  +1.000  +6.000  +1.000  +50.000 
9                   END OF DATA for DWUCK4