1001000000200000    36S(d,p)@ 16MeV    2515 keV  unknown bound QP
+60.    +00.    +01.
+30+01+03+10
+00.10  +00.    +050.
+016.000  2.0     1.0    36.0    16.0    001.150                  2.0
+01.    -087.171 +01.150 +00.810         -000.000 +00.000 +00.000
+02.    +00.000 +00.000 +00.000         +049.613 +01.340 +00.680
-04.    -000.000 +00.000 +00.000         +00.000 +00.000 +00.000
+-00.436  1.0     1.0    37.0    16.0    001.250                 +01.
+01.    -050.309 +01.250 +00.650         -000.000 +00.000 +00.000
+02.    +00.000 +00.000 +00.000         +025.380 +01.250 +00.470
-04.    -030.000 +01.250 +00.470         +000.000 +00.000 +00.000
-001.789  1.0     0.0    36.0    16.0    +01.30                  +01.
-01.    -01.    +01.25  +00.65  36.439  +01.10  +00.65
+00.0   +03.0   +10.0   +01.0   +50.0
9                   END OF DATA for DWUCK4