1001000000200000    36S(d,p)@3355keV L=2 J=3/2 0d3/2 QP                         
+60.000 +0.000  +1.000  
+30+01+0206
+0.100  +0.000  +50.000 
+16.000 +2.000  +1.000  +36.000 +16.000 +1.150          +2.000  
+1.     -87.171 +1.150  +0.810          -0.000  +0.000  +0.000  
+2.     +0.000  +0.000  +0.000          +49.613 +1.340  +0.680  
-4.     -0.000  +0.000  +0.000          +0.000  +0.000  +0.000  
-1.276  +1.000  +1.000  +37.000 +16.000 +1.250          +1.000  
+1.     -50.771 +1.250  +0.650          -0.000  +0.000  +0.000  
+2.     +0.000  +0.000  +0.000          +25.380 +1.250  +0.470  
-4.     -30.000 +1.250  +0.470          +0.000  +0.000  +0.000  
-0.949  +1.000  +0.000  +36.000 +16.000 +1.300          +1.000  
-1.     -1.     +1.250  +0.650  36.439  +1.100  +0.650  
+0.000  +2.000  +6.000  +1.000  +50.000 
9                   END OF DATA for DWUCK4