1001000000200000    36S(d,p)@3120keV L=4 J=9/2 0g9/2 AK                         
+60.000 +0.000  +1.000  
+30+01+0418
+0.100  +0.000  +50.000 
+16.000 +2.000  +1.000  +36.000 +16.000 +1.303          +2.000  
+1.     -91.007 +1.150  +0.761          -2.099  +1.335  +0.525  
+2.     +0.000  +0.000  +0.000          +30.441 +1.380  +0.736  
-4.     -14.228 +0.972  +1.011          +0.000  +0.000  +0.000  
-1.041  +1.000  +1.000  +37.000 +16.000 +1.292          +1.000  
+1.     -54.228 +1.182  +0.672          -1.231  +1.182  +0.672  
+2.     +0.000  +0.000  +0.000          +18.948 +1.290  +0.538  
-4.     -22.024 +0.991  +0.590          +0.248  +0.991  +0.590  
-1.184  +1.000  +0.000  +36.000 +16.000 +1.300          +1.000  
-1.     -1.     +1.250  +0.650  36.439  +1.100  +0.650  
+0.000  +4.000  +18.000 +1.000  +50.000 
9                   END OF DATA for DWUCK4