1001000000200000    36S(d,p)@ 16MeV    0 keV  0f7/2 bound AK                     
+90.    +00.    +01.                                                            
+30+01+03+07                                                                    
+00.10  +00.    +050.                                                           
+016.000  2.0     1.0    36.0    16.0    001.303                  2.0            
+01.    -91.007 +01.150 +00.761         -02.099 +01.335 +00.525 
+02.    +00.000 +00.000 +00.000         +30.441 +01.380 +00.736 
-04.    -14.228 +00.972 +01.011         +00.000 +00.000 +00.000 
+02.079  1.0     1.0    37.0    16.0    001.292                 +01.            
+01.    -52.968 +01.182 +00.672         -01.553 +01.182 +00.672 
+02.    +00.000 +00.000 +00.000         +18.548 +01.290 +00.538 
-04.    -21.752 +00.991 +00.590         +00.320 +00.991 +00.590 
-04.304  1.0     0.0    36.0    16.0    +01.30                  +01.            
-01.    -01.    +01.25  +00.65  36.439  +01.10  +00.65                          
+00.    +03.    +07.    +01.    +50.0   +00.    +00.00                          
9                   END OF DATA for DWUCK4
